# 1x8 vector
vec = [[0], [95], [121], [99], [70], [68], [154], [3]]

X = [[1, 1, 1, 1, 1, 1, 1, 1],
	 [1, 4, 16, 64, 256, 253, 241, 193],
	 [1, 16, 256, 241, 1, 16, 256, 241],
	 [1, 64, 241, 4, 256, 193, 16, 253],
	 [1, 256, 1, 256, 1, 256, 1, 256],
	 [1, 253, 16, 193, 256, 4, 241, 64],
	 [1, 241, 256, 16, 1, 241, 256, 16],
	 [1, 193, 241, 253, 256, 64, 16, 4]]
# 3x4 matrix
Y = [[1, 1, 1, 1, 1, 1, 1, 1],
	 [1, 193, 241, 253, 256, 64, 16, 4],
	 [1, 241, 256, 16, 1, 241, 256, 16],
	 [1, 253, 16, 193, 256, 4, 241, 64],
	 [1, 256, 1, 256, 1, 256, 1, 256],
	 [1, 64, 241, 4, 256, 193, 16, 253],
	 [1, 16, 256, 241, 1, 16, 256, 241],
	 [1, 4, 16, 64, 256, 253, 241, 193]]
    # result is 3x4
res = [[0], [0],[0],[0],[0],[0],[0],[0]]
result = [[0,0,0,0,0,0,0,0],
         [0,0,0,0,0,0,0,0],
         [0,0,0,0,0,0,0,0],
         [0,0,0,0,0,0,0,0],
         [0,0,0,0,0,0,0,0],
         [0,0,0,0,0,0,0,0],
         [0,0,0,0,0,0,0,0],
         [0,0,0,0,0,0,0,0]]

# iterate through rows of Y
for i in range(len(Y)):
   # iterate through columns of vec
   for j in range(len(vec[0])):
       # iterate through rows of vec
       for k in range(len(Y)):
           res[i][j] += (Y[i][k] * vec[k][j])%257
           res[i][j] = res[i][j]%257
           
print res
